@0
00
0b
00
00
00
00
00
00
00
00
00
00
00
00
00
00
fc
00
00
0a
00
00
00
09
00
00
00
08
00
00
00
00
07
00
00
00
00
00
00
00
00
00
00
00
00
00
00
00
30
00
80
30
00
f3
00
f6
00
30
00
00
00
00
fd
02
02
03
fe
fe
fe
03
32
0d
00
00
0e
00
00
0d
00
00
0c
00
00
13
00
00
12
00
19
fe
00
18
fc
00
00
1c
fe
02
58
fe
00
00
00
30
fe
00
fe
fe
00
fc
00
2e
00
2d
31
fc
fd
2c
30
fc
fd
2b
f9
ff
00
01
00
00
01
00
fe
00
02
fe
fe
fe
00
00
00
58
fe
02
00
00
59
00
00
00
02
00
00
59
ff
00
00
00
00
01
02
00
fe
00
02
fe
fe
fe
00
00
00
58
fe
02
00
00
59
00
00
00
02
00
00
59
ff
00
00
00
00
01
02
00
fe
00
02
fe
fe
00
00
00
58
00
00
59
00
00
01
02
00
fe
00
02
fe
fe
fe
00
00
00
5a
fe
00
00
00
5a
00
00
5a
00
00
00
fe
02
00
01
5a
00
00
00
02
00
01
5a
ff
00
00
00
10
00
80
30
30
00
01
02
00
fe
00
02
fe
fe
00
00
00
5a
00
00
5a
ff
00
00
00
00
01
02
00
fe
00
02
fe
00
fe
00
00
00
00
00
00
00
00
00
00
00
00
00
01
02
00
fe
00
02
fe
00
00
00
80
fe
00
fe
00
00
01
02
00
ff
00
01
00
00
5a
01
00
00
5a
5a
fe
5a
0f
00
00
01
00
fd
02
02
03
fc
fe
01
fe
00
f5
fd
00
fc
00
fe
fe
fc
00
00
02
02
03
00
69
6e
00
