@0
00
80
00
00
00
00
00
00
00
00
00
00
00
00
00
00
1f
00
00
80
00
00
00
80
00
00
00
80
00
00
00
00
40
00
00
00
00
00
00
00
00
00
00
00
00
00
00
80
02
00
02
42
20
01
00
85
15
55
00
00
80
00
01
11
81
01
04
04
04
60
c0
00
10
10
00
10
20
40
00
30
80
10
10
40
00
10
80
10
80
a4
20
c0
a4
00
30
00
04
80
00
c4
f7
07
07
00
c4
17
f4
c4
90
e7
a0
00
d0
80
40
a4
84
80
40
a4
44
80
9f
01
81
01
00
c1
01
00
01
81
01
a4
b4
c4
10
f7
07
e0
84
07
22
47
40
22
e6
e7
00
22
47
40
f7
22
e6
e7
00
c1
01
00
01
81
01
a4
b4
c4
10
f7
07
e0
84
07
22
07
c0
22
e6
e7
00
22
07
c0
f7
22
e6
e7
00
c1
01
00
01
81
01
a4
c4
10
f7
07
e0
22
07
80
f7
07
c1
01
00
01
81
01
a4
b4
c4
10
f7
07
e0
84
10
f7
07
e0
22
c7
00
22
e6
e7
84
07
22
07
40
22
e6
e7
00
22
07
40
f7
22
e6
e7
00
04
07
07
47
00
c1
01
00
01
81
01
a4
c4
10
f7
07
e0
22
c7
00
f7
22
e6
e7
00
c1
01
00
01
81
01
a4
20
c4
e7
20
10
e7
20
10
e7
20
07
20
10
e7
00
c1
01
00
01
81
01
a4
00
20
07
00
f7
20
c4
e7
00
c1
01
00
01
81
01
20
47
e0
00
20
47
e0
80
07
80
f7
07
c1
01
00
01
11
81
01
a4
04
00
f4
07
5f
c4
17
e4
07
f4
f4
07
00
00
c1
81
01
00
6b
61
00
