00000013
0b80006f
00000013
00000013
00000013
00000013
00000013
00000013
00000013
00000013
00000013
00000013
00000013
00000013
00000013
00000013
fc1ff06f
00000000
00000000
0a80006f
00000000
00000000
00000000
0980006f
00000000
00000000
00000000
0880006f
00000000
00000000
00000000
00000000
0740006f
00000000
00000000
00000000
00000000
00000000
00000000
00000000
00000000
00000000
00000000
00000000
00000000
00000000
00000000
00800293
3002a073
000012b7
80028293
3042a073
00400117
f3010113
00000517
f6850513
00150513
30551073
00000513
00000593
008000ef
0000006f
00c00713
02000793
00c0006f
40f70733
00f70863
fef75ce3
40e787b3
ff5ff06f
0000006f
