@0
00
00
00
00
00
00
00
00
00
00
00
00
00
00
00
00
f0
00
00
00
00
00
00
00
00
00
00
00
00
00
00
00
00
00
00
00
00
00
00
00
00
00
00
00
00
00
00
02
a0
12
82
a0
01
01
05
05
05
10
05
05
00
00
01
26
24
04
26
24
22
05
00
00
05
05
00
05
05
00
05
05
00
05
05
00
05
05
00
05
00
20
05
00
2e
05
05
00
26
00
07
27
07
c7
85
00
27
87
26
27
07
fa
05
00
05
00
00
2c
25
00
00
2a
25
00
f0
01
26
04
00
24
01
80
01
2e
04
26
24
27
07
17
87
2a
27
80
07
a6
27
07
e7
a2
00
07
a6
27
c7
07
f7
a2
00
24
01
80
01
2e
04
26
24
27
07
17
87
2e
27
80
07
a6
27
07
e7
a0
00
07
a6
27
c7
07
f7
a0
00
24
01
80
01
2e
04
26
27
07
17
87
2c
07
a7
27
77
85
24
01
80
01
2e
04
26
24
27
07
17
87
20
27
07
17
87
22
07
a6
27
07
e7
a6
27
80
07
a6
27
07
e7
a8
00
07
a6
27
c7
07
f7
a8
07
17
07
90
10
00
24
01
80
01
2e
04
26
27
07
17
87
20
07
a6
27
c7
07
f7
a6
00
24
01
80
01
2e
04
26
07
27
ac
07
07
a4
07
07
a6
07
a4
07
07
a8
00
24
01
80
01
2e
04
26
00
07
a7
07
0a
07
27
a0
00
24
01
80
01
26
04
07
a7
24
00
07
a7
24
27
c8
27
f7
85
24
01
80
01
26
24
04
2e
07
00
47
85
f0
27
87
2e
c7
07
47
9e
00
00
20
24
01
80
61
74
0d
