@0
13
6f
13
13
13
13
13
13
13
13
13
13
13
13
13
13
6f
00
00
6f
00
00
00
6f
00
00
00
6f
00
00
00
00
6f
00
00
00
00
00
00
00
00
00
00
00
00
00
00
93
73
b7
93
73
17
13
17
13
13
73
13
93
ef
6f
13
23
23
13
23
93
13
ef
13
ef
93
13
ef
23
6f
b7
13
83
b3
83
13
ef
83
93
23
03
93
e3
13
ef
13
ef
93
13
ef
ef
23
03
ef
93
13
ef
ef
23
03
ef
6f
13
23
13
23
b7
03
23
b7
03
b7
13
23
b7
03
b7
13
23
37
b7
03
23
b7
13
23
13
03
13
67
13
23
13
23
b7
03
23
b7
03
b7
13
23
b7
03
b7
13
23
37
b7
03
23
13
03
13
67
13
23
13
23
13
b7
03
b7
e3
b7
03
23
13
03
13
67
13
23
13
23
13
b7
03
b7
e3
b7
03
23
13
03
13
67
13
23
23
13
23
6f
83
83
13
ef
83
93
23
83
83
e3
13
13
83
03
13
67
13
23
23
13
23
6f
83
83
13
ef
83
93
23
83
83
e3
13
13
83
03
13
67
13
23
13
b7
03
b7
23
6f
b7
03
b7
23
b7
83
e3
b7
83
93
13
03
13
67
13
23
13
b7
03
b7
23
6f
b7
03
b7
23
b7
83
e3
b7
83
93
13
03
13
67
13
23
23
13
23
23
23
ef
93
a3
6f
03
93
63
83
63
83
93
23
83
93
23
13
ef
6f
03
83
63
83
03
23
83
93
23
83
93
23
83
13
ef
6f
03
83
63
ef
93
a3
03
93
e3
6f
13
83
23
13
83
03
13
67
13
23
23
13
23
23
23
ef
93
a3
6f
03
93
63
83
63
83
93
23
83
93
23
13
ef
6f
03
83
63
83
03
23
83
93
23
83
93
23
83
13
ef
6f
03
83
63
ef
93
a3
03
93
e3
6f
13
83
23
13
83
03
13
67
13
23
13
23
b7
03
23
b7
03
b7
13
23
13
03
13
67
13
23
13
23
b7
03
23
b7
03
b7
13
23
13
03
13
67
13
23
13
23
b7
83
b7
03
33
23
13
03
13
67
13
23
13
23
b7
83
b7
03
33
23
13
03
13
67
13
23
13
23
6f
b7
83
b7
03
33
23
b7
03
b7
83
83
b3
e3
13
13
03
13
67
13
23
13
23
6f
b7
83
b7
03
33
23
b7
03
b7
83
83
b3
e3
13
13
03
13
67
13
23
13
23
13
b7
03
b7
e3
b7
03
23
b7
03
b7
23
6f
b7
03
b7
23
b7
83
e3
b7
83
93
13
03
13
67
13
23
13
23
13
b7
03
b7
e3
b7
03
23
b7
03
b7
23
6f
b7
03
b7
23
b7
83
e3
b7
83
93
13
03
13
67
13
23
13
23
23
83
13
b3
13
b7
23
83
63
b7
83
b7
03
b7
33
23
6f
b7
83
b7
83
13
b7
33
23
13
03
13
67
13
23
13
23
83
13
b3
13
b7
23
b7
03
b7
83
b3
13
03
13
67
13
23
13
23
83
13
b3
13
b7
23
b7
03
b7
83
b3
13
03
13
67
13
23
13
23
23
83
13
b3
13
b7
23
83
13
b3
13
b7
23
b7
83
b7
03
b7
33
23
83
63
b7
83
b7
03
b7
33
23
6f
b7
83
b7
83
13
b7
33
23
93
37
13
73
73
13
03
13
67
13
23
13
23
83
13
b3
13
b7
23
b7
83
b7
83
13
b7
33
23
13
03
13
67
13
23
13
23
23
83
13
b3
13
b7
23
83
63
b7
83
b7
03
b7
33
23
6f
b7
83
b7
83
13
b7
33
23
13
03
13
67
13
23
13
23
23
83
13
b3
13
b7
23
83
63
b7
83
b7
03
b7
33
23
6f
b7
83
b7
83
13
b7
33
23
13
03
13
67
13
23
13
23
23
83
13
b3
13
b7
23
83
63
b7
83
b7
03
b7
33
23
6f
b7
83
b7
83
13
b7
33
23
13
03
13
67
13
23
13
23
23
83
13
b3
13
b7
23
83
63
b7
83
b7
03
b7
33
23
6f
b7
83
b7
83
13
b7
33
23
13
03
13
67
13
23
13
23
23
83
13
b3
13
b7
23
83
63
b7
83
b7
03
b7
33
23
6f
b7
83
b7
83
13
b7
33
23
13
03
13
67
13
23
13
23
23
83
13
b3
13
b7
23
83
63
b7
83
b7
03
b7
33
23
6f
b7
83
b7
83
13
b7
33
23
13
03
13
67
13
23
13
23
83
13
b3
13
b7
23
b7
03
b7
83
b3
13
03
13
67
13
23
13
23
83
13
b3
13
b7
23
b7
03
b7
83
b3
13
03
13
67
13
23
13
23
83
13
b3
13
b7
23
b7
03
b7
83
b3
13
03
13
67
13
23
13
23
23
83
13
b3
13
b7
23
83
13
b3
13
b7
23
b7
83
b7
03
b7
33
23
83
63
b7
83
b7
03
b7
33
23
6f
b7
83
b7
83
13
b7
33
23
93
37
13
73
73
13
03
13
67
13
23
13
23
83
13
b3
13
b7
23
b7
83
b7
83
13
b7
33
23
13
03
13
67
55
52
55
6d
