@0
00
0b
00
00
00
00
00
00
00
00
00
00
00
00
00
00
fc
00
00
0a
00
00
00
09
00
00
00
08
00
00
00
00
07
00
00
00
00
00
00
00
00
00
00
00
00
00
00
00
30
00
80
30
00
f3
00
f6
00
30
00
00
00
00
fe
00
00
02
fe
00
00
7c
0d
09
00
00
7b
fe
02
00
04
fe
00
00
00
13
fe
00
fe
fe
00
fc
00
11
00
11
00
00
76
23
fe
fe
0f
00
00
74
21
fe
fe
0d
f7
fe
00
02
fe
00
fe
00
00
00
00
00
00
00
00
00
00
00
00
00
00
00
00
00
00
00
01
02
00
fe
00
02
fe
00
fe
00
00
00
00
00
00
00
00
00
00
00
00
00
00
00
00
01
02
00
fe
00
02
fe
00
00
00
80
fe
00
fe
00
00
01
02
00
fe
00
02
fe
00
00
00
80
fe
00
fe
00
00
01
02
00
fe
00
00
02
fe
02
fe
00
00
f5
fe
00
fe
fe
00
fc
00
00
01
01
02
00
fe
00
00
02
fe
02
fe
00
00
f4
fe
00
fe
fe
00
fc
00
00
01
01
02
00
ff
00
01
00
00
00
04
01
00
00
00
04
00
05
fe
00
05
0f
00
00
01
00
ff
00
01
00
00
00
04
01
00
00
00
04
00
05
fe
00
05
0f
00
00
01
00
fd
02
02
03
fc
fc
fe
f3
00
fe
09
fe
00
02
fe
06
fd
ff
fc
fe
ff
fe
00
dc
05
fe
fd
02
fd
fe
00
fd
00
fc
fe
00
fe
fe
00
d8
01
fe
fd
02
ea
00
fe
fe
00
f6
00
00
fd
00
00
02
02
03
00
fd
02
02
03
fc
fc
fe
ea
00
fe
09
fe
00
02
fe
06
fd
ff
fc
fe
ff
fe
00
cd
05
fe
fd
02
fd
fe
00
fd
00
fc
fe
00
fe
fe
00
c9
01
fe
fd
02
e0
00
fe
fe
00
f6
00
00
fd
00
00
02
02
03
00
fe
00
02
fe
00
fe
00
00
01
00
00
00
00
01
02
00
fe
00
02
fe
00
fe
00
00
01
00
00
00
00
01
02
00
fe
00
02
fe
00
01
00
fe
00
00
00
01
02
00
fe
00
02
fe
00
01
00
fe
00
00
00
01
02
00
fe
00
02
fe
01
00
01
00
fe
00
00
00
01
00
01
fe
00
fc
00
00
01
02
00
fe
00
02
fe
01
00
01
00
fe
00
00
00
01
00
01
fe
00
fc
00
00
01
02
00
fe
00
02
fe
00
00
04
80
fe
00
fe
04
00
04
00
06
01
00
04
00
06
00
06
fe
00
06
0f
00
01
02
00
fe
00
02
fe
00
00
04
80
fe
00
fe
04
00
04
00
04
01
00
04
00
04
00
05
fe
00
05
0f
00
01
02
00
fe
00
02
fe
fe
fe
00
00
00
00
08
fe
02
00
00
00
08
00
00
00
02
00
00
00
08
ff
00
00
00
00
01
02
00
fe
00
02
fe
fe
00
00
00
00
06
00
00
00
07
00
00
01
02
00
fe
00
02
fe
fe
00
00
00
00
06
00
00
00
07
00
00
01
02
00
fe
00
02
fe
fe
fe
00
00
00
00
08
fe
00
00
00
00
08
00
00
00
08
00
00
00
fe
02
00
01
00
08
00
00
00
02
00
01
00
08
ff
00
00
00
10
00
80
30
30
00
01
02
00
fe
00
02
fe
fe
00
00
00
00
08
00
00
00
08
ff
00
00
00
00
01
02
00
fe
00
02
fe
fe
fe
00
00
00
00
06
fe
02
00
00
00
06
00
00
00
02
00
00
00
06
ff
00
00
00
00
01
02
00
fe
00
02
fe
fe
fe
00
00
00
00
06
fe
02
00
00
00
06
00
00
00
02
00
00
00
06
ff
00
00
00
00
01
02
00
fe
00
02
fe
fe
fe
00
00
00
00
06
fe
02
00
00
00
06
00
00
00
02
00
00
00
06
ff
00
00
00
00
01
02
00
fe
00
02
fe
fe
fe
00
00
00
00
06
fe
02
00
00
00
06
00
00
00
02
00
00
00
06
ff
00
00
00
00
01
02
00
fe
00
02
fe
fe
fe
00
00
00
00
06
fe
02
00
00
00
06
00
00
00
02
00
00
00
06
ff
00
00
00
00
01
02
00
fe
00
02
fe
fe
fe
00
00
00
00
06
fe
02
00
00
00
06
00
00
00
02
00
00
00
06
ff
00
00
00
00
01
02
00
fe
00
02
fe
fe
00
00
00
00
06
00
00
00
06
00
00
01
02
00
fe
00
02
fe
fe
00
00
00
00
06
00
00
00
06
00
00
01
02
00
fe
00
02
fe
fe
00
00
00
00
06
00
00
00
06
00
00
01
02
00
fe
00
02
fe
fe
fe
00
00
00
00
06
fe
00
00
00
00
06
00
00
00
07
00
00
00
fe
02
00
01
00
07
00
00
00
02
00
01
00
07
ff
00
00
00
10
00
80
30
30
00
01
02
00
fe
00
02
fe
fe
00
00
00
00
06
00
00
00
07
ff
00
00
00
00
01
02
00
2d
43
65
0d
