@0
00
00
00
00
00
00
00
00
00
00
00
00
00
00
00
00
f0
00
00
00
00
00
00
00
00
00
00
00
00
00
00
00
00
00
00
00
00
00
00
00
00
00
00
00
00
00
00
02
a0
12
82
a0
01
01
05
05
05
10
05
05
00
00
01
26
04
2e
26
00
27
87
26
27
27
66
00
00
24
01
80
01
26
24
04
2e
07
2c
26
00
05
25
00
27
87
26
27
07
f0
26
00
05
25
00
27
87
26
27
07
f0
26
00
05
25
00
27
87
26
27
07
f0
26
00
05
25
00
05
25
00
27
87
26
27
07
fa
26
00
25
00
07
27
97
87
87
a2
27
97
87
87
a7
85
25
00
27
87
26
27
07
f6
24
00
22
00
17
87
27
07
c7
87
27
57
f7
f7
0b
27
47
05
85
00
27
87
22
27
07
d6
20
00
27
05
85
00
27
87
20
27
07
de
27
05
85
00
05
f0
27
87
24
27
07
d2
f0
01
2e
04
26
07
27
ac
07
a7
07
67
a4
07
a7
07
67
a6
07
07
27
a4
07
07
a8
00
24
01
80
01
2e
04
26
07
27
ac
07
a7
07
67
a4
07
a7
07
67
a6
07
07
27
a4
00
24
01
80
01
2e
04
26
00
07
a7
07
0a
07
27
a0
00
24
01
80
01
2e
04
26
00
07
a7
07
0a
07
27
a0
00
24
01
80
01
2e
2c
04
26
00
27
c7
85
f0
27
87
26
27
c7
9e
00
00
20
24
01
80
01
2e
2c
04
26
00
27
c7
85
f0
27
87
26
27
c7
9e
00
00
20
24
01
80
01
26
04
07
a7
17
aa
00
07
a7
17
aa
17
a7
c4
17
a7
f7
85
24
01
80
01
26
04
07
a7
17
ac
00
07
a7
17
ac
17
a7
c4
17
a7
f7
85
24
01
80
01
26
24
04
2e
2c
26
f0
07
05
00
47
07
18
27
8a
27
87
2e
27
87
26
05
f0
00
27
27
7c
27
47
80
27
87
2e
27
87
26
47
85
f0
00
27
27
70
f0
07
05
47
07
14
00
00
27
80
00
20
24
01
80
01
26
24
04
2e
2c
26
f0
07
05
00
47
07
18
27
8a
27
87
2e
27
87
26
05
f0
00
27
27
7c
27
47
80
27
87
2e
27
87
26
47
85
f0
00
27
27
70
f0
07
05
47
07
14
00
00
27
80
00
20
24
01
80
01
2e
04
26
07
27
a0
07
a7
07
67
a8
00
24
01
80
01
2e
04
26
07
27
a0
07
a7
07
67
a8
00
24
01
80
01
2e
04
26
07
a6
07
27
e7
aa
00
24
01
80
01
2e
04
26
07
a6
07
27
e7
aa
00
24
01
80
01
2e
04
26
00
07
a6
07
27
e7
ac
07
a7
07
a6
27
e7
18
00
00
24
01
80
01
2e
04
26
00
07
a6
07
27
e7
ac
07
a7
07
a6
27
e7
18
00
00
24
01
80
01
2e
04
26
00
07
a7
07
0a
07
27
a4
07
a7
17
a2
00
07
a7
17
a2
17
a7
c4
17
a7
f7
85
24
01
80
01
2e
04
26
00
07
a7
07
0a
07
27
a4
07
a7
17
a0
00
07
a7
17
a0
17
a7
c4
17
a7
f7
85
24
01
80
01
2e
04
26
24
27
07
17
87
17
a2
27
82
07
a6
17
a7
07
e7
a0
00
07
a6
17
a7
c7
07
f7
a0
00
24
01
80
01
2e
04
26
27
07
17
87
17
a0
07
a7
17
a7
77
85
24
01
80
01
2e
04
26
27
07
17
87
17
ae
07
a7
17
a7
77
85
24
01
80
01
2e
04
26
24
27
07
17
87
17
a4
27
07
17
87
17
a6
07
a6
17
a7
07
e7
a6
27
82
07
a6
17
a7
07
e7
a8
00
07
a6
17
a7
c7
07
f7
a8
07
17
07
90
10
00
24
01
80
01
2e
04
26
27
07
17
87
17
a4
07
a6
17
a7
c7
07
f7
a6
00
24
01
80
01
2e
04
26
24
27
07
17
87
17
a4
27
82
07
a6
17
a7
07
e7
a2
00
07
a6
17
a7
c7
07
f7
a2
00
24
01
80
01
2e
04
26
24
27
07
17
87
17
a8
27
82
07
a6
17
a7
07
e7
a0
00
07
a6
17
a7
c7
07
f7
a0
00
24
01
80
01
2e
04
26
24
27
07
17
87
17
a4
27
82
07
a6
17
a7
07
e7
a2
00
07
a6
17
a7
c7
07
f7
a2
00
24
01
80
01
2e
04
26
24
27
07
17
87
17
a8
27
82
07
a6
17
a7
07
e7
a0
00
07
a6
17
a7
c7
07
f7
a0
00
24
01
80
01
2e
04
26
24
27
07
17
87
17
a4
27
82
07
a6
17
a7
07
e7
a2
00
07
a6
17
a7
c7
07
f7
a2
00
24
01
80
01
2e
04
26
24
27
07
17
87
17
a8
27
82
07
a6
17
a7
07
e7
a0
00
07
a6
17
a7
c7
07
f7
a0
00
24
01
80
01
2e
04
26
27
07
17
87
17
a6
07
a7
17
a7
77
85
24
01
80
01
2e
04
26
27
07
17
87
17
a6
07
a7
17
a7
77
85
24
01
80
01
2e
04
26
27
07
17
87
17
a6
07
a7
17
a7
77
85
24
01
80
01
2e
04
26
24
27
07
17
87
17
aa
27
07
17
87
17
ac
07
a6
17
a7
07
e7
a6
27
82
07
a6
17
a7
07
e7
a8
00
07
a6
17
a7
c7
07
f7
a8
07
17
07
90
10
00
24
01
80
01
2e
04
26
27
07
17
87
17
aa
07
a6
17
a7
c7
07
f7
a6
00
24
01
80
86
ff
