@0
00
00
00
00
00
00
00
00
00
00
00
00
00
00
00
00
f0
00
00
00
00
00
00
00
00
00
00
00
00
00
00
00
00
00
00
00
00
00
00
00
00
00
00
00
00
00
00
02
a0
12
82
a0
01
01
05
05
05
10
05
05
00
00
01
26
04
2e
26
00
27
87
26
27
27
66
00
00
24
01
80
01
2e
2c
04
26
00
27
05
85
00
27
87
26
27
07
de
00
00
20
24
01
80
01
2e
2c
04
26
00
27
05
85
00
87
85
f0
27
05
85
00
27
87
26
27
07
d0
00
00
20
24
01
80
01
2e
2c
04
26
00
27
05
85
00
27
87
05
85
00
27
87
26
27
07
d4
47
85
f0
24
00
27
05
85
00
27
87
05
85
00
27
87
24
27
07
d4
47
85
f0
00
20
24
01
80
01
2e
2c
04
07
26
24
f0
27
05
85
00
87
85
f0
27
27
07
24
27
07
06
27
90
27
07
26
f0
01
2e
2c
04
26
00
27
05
85
00
27
5c
27
87
05
85
00
87
85
f0
27
87
26
27
07
da
07
24
00
27
05
85
00
27
07
cc
27
87
05
85
00
87
85
f0
27
87
24
27
da
00
00
20
24
01
80
01
2e
2c
04
26
00
24
00
26
27
57
d7
07
77
07
86
27
57
d7
07
77
07
07
b7
f7
85
85
00
27
87
24
27
07
de
97
85
f0
27
87
26
27
07
d8
00
00
20
24
01
80
01
2e
2c
04
26
00
f0
07
27
07
05
85
00
27
87
05
85
00
17
85
f0
27
87
26
27
07
d8
00
00
20
24
01
80
01
2e
2c
04
26
00
27
05
85
00
07
27
07
05
85
00
57
85
f0
27
05
85
00
07
27
07
05
85
00
27
87
26
27
07
d8
00
00
20
24
01
80
01
2e
2c
04
26
00
24
00
26
27
27
57
f7
85
85
00
27
87
24
27
07
d6
97
85
f0
27
87
26
27
07
40
00
00
20
24
01
80
01
26
24
04
f0
47
85
f0
f0
47
85
f0
f0
47
85
f0
f0
47
85
f0
f0
47
85
f0
f0
47
85
f0
f0
47
85
f0
f0
f0
01
2e
04
26
07
27
ac
07
a7
07
67
a4
07
a7
07
67
a6
07
07
27
a4
07
07
a8
00
24
01
80
01
2e
04
26
07
27
ac
07
a7
07
67
a4
07
a7
07
67
a6
07
07
27
a4
00
24
01
80
01
2e
04
26
00
07
a7
07
0a
07
27
a0
00
24
01
80
01
2e
04
26
00
07
a7
07
0a
07
27
a0
00
24
01
80
01
2e
2c
04
26
00
27
c7
85
f0
27
87
26
27
c7
9e
00
00
20
24
01
80
01
2e
2c
04
26
00
27
c7
85
f0
27
87
26
27
c7
9e
00
00
20
24
01
80
01
26
04
07
a7
17
a6
00
07
a7
17
a6
17
a7
c4
17
a7
f7
85
24
01
80
01
26
04
07
a7
17
a8
00
07
a7
17
a8
17
a7
c4
17
a7
f7
85
24
01
80
01
26
24
04
2e
2c
26
f0
07
05
00
47
07
18
27
8a
27
87
2e
27
87
26
05
f0
00
27
27
7c
27
47
80
27
87
2e
27
87
26
47
85
f0
00
27
27
70
f0
07
05
47
07
14
00
00
27
80
00
20
24
01
80
01
26
24
04
2e
2c
26
f0
07
05
00
47
07
18
27
8a
27
87
2e
27
87
26
05
f0
00
27
27
7c
27
47
80
27
87
2e
27
87
26
47
85
f0
00
27
27
70
f0
07
05
47
07
14
00
00
27
80
00
20
24
01
80
01
2e
04
26
07
27
a0
07
a7
07
67
a8
00
24
01
80
01
2e
04
26
07
27
a0
07
a7
07
67
a8
00
24
01
80
01
2e
04
26
07
a6
07
27
e7
aa
00
24
01
80
01
2e
04
26
07
a6
07
27
e7
aa
00
24
01
80
01
2e
04
26
00
07
a6
07
27
e7
ac
07
a7
07
a6
27
e7
18
00
00
24
01
80
01
2e
04
26
00
07
a6
07
27
e7
ac
07
a7
07
a6
27
e7
18
00
00
24
01
80
01
2e
04
26
00
07
a7
07
0a
07
27
a4
07
a7
17
ae
00
07
a7
17
ae
17
a7
c4
17
a7
f7
85
24
01
80
01
2e
04
26
00
07
a7
07
0a
07
27
a4
07
a7
17
ac
00
07
a7
17
ac
17
a7
c4
17
a7
f7
85
24
01
80
01
2e
04
26
24
27
07
17
87
17
ae
27
82
07
a6
17
a7
07
e7
a0
00
07
a6
17
a7
c7
07
f7
a0
00
24
01
80
01
2e
04
26
27
07
17
87
17
ac
07
a7
17
a7
77
85
24
01
80
01
2e
04
26
27
07
17
87
17
aa
07
a7
17
a7
77
85
24
01
80
01
2e
04
26
24
27
07
17
87
17
a0
27
07
17
87
17
a2
07
a6
17
a7
07
e7
a6
27
82
07
a6
17
a7
07
e7
a8
00
07
a6
17
a7
c7
07
f7
a8
07
17
07
90
10
00
24
01
80
01
2e
04
26
27
07
17
87
17
a0
07
a6
17
a7
c7
07
f7
a6
00
24
01
80
01
2e
04
26
24
27
07
17
87
17
a0
27
82
07
a6
17
a7
07
e7
a2
00
07
a6
17
a7
c7
07
f7
a2
00
24
01
80
01
2e
04
26
24
27
07
17
87
17
a4
27
82
07
a6
17
a7
07
e7
a0
00
07
a6
17
a7
c7
07
f7
a0
00
24
01
80
01
2e
04
26
24
27
07
17
87
17
a0
27
82
07
a6
17
a7
07
e7
a2
00
07
a6
17
a7
c7
07
f7
a2
00
24
01
80
01
2e
04
26
24
27
07
17
87
17
a4
27
82
07
a6
17
a7
07
e7
a0
00
07
a6
17
a7
c7
07
f7
a0
00
24
01
80
01
2e
04
26
24
27
07
17
87
17
a0
27
82
07
a6
17
a7
07
e7
a2
00
07
a6
17
a7
c7
07
f7
a2
00
24
01
80
01
2e
04
26
24
27
07
17
87
17
a4
27
82
07
a6
17
a7
07
e7
a0
00
07
a6
17
a7
c7
07
f7
a0
00
24
01
80
01
2e
04
26
27
07
17
87
17
a2
07
a7
17
a7
77
85
24
01
80
01
2e
04
26
27
07
17
87
17
a2
07
a7
17
a7
77
85
24
01
80
01
2e
04
26
27
07
17
87
17
a2
07
a7
17
a7
77
85
24
01
80
01
2e
04
26
24
27
07
17
87
17
a6
27
07
17
87
17
a8
07
a6
17
a7
07
e7
a6
27
82
07
a6
17
a7
07
e7
a8
00
07
a6
17
a7
c7
07
f7
a8
07
17
07
90
10
00
24
01
80
01
2e
04
26
27
07
17
87
17
a6
07
a6
17
a7
c7
07
f7
a6
00
24
01
80
