@0
00
0b
00
00
00
00
00
00
00
00
00
00
00
00
00
00
fc
00
00
0a
00
00
00
09
00
00
00
08
00
00
00
00
07
00
00
00
00
00
00
00
00
00
00
00
00
00
00
00
30
00
80
30
00
f3
00
f6
00
30
00
00
04
00
fd
02
03
fc
fe
01
fe
00
fe
fe
fd
fe
00
00
02
03
00
fd
02
02
03
fe
fc
00
fc
fe
02
fe
00
00
48
fe
00
fe
fe
00
fc
fe
02
fe
00
00
56
fe
00
fe
fe
00
fc
fe
02
fe
00
00
0e
fe
00
fe
fe
00
fc
fe
03
fe
00
00
47
fe
00
00
57
fe
00
fe
fe
00
fc
fe
00
fe
fe
1f
00
fe
fe
0f
02
fe
02
fe
00
00
04
fe
00
fe
fe
00
fc
03
fe
02
fe
00
00
01
fe
00
fe
fe
00
fc
fe
0b
fe
05
00
21
fe
00
00
00
fe
40
0f
00
fc
fe
fd
00
00
37
fe
00
fe
fe
00
fa
fc
02
fd
00
00
45
fd
00
fc
fd
00
fc
fe
00
00
42
3e
d9
fe
00
fe
fe
00
f4
ea
fe
00
02
fe
00
fe
00
00
00
00
00
00
00
00
00
00
00
00
00
00
00
00
00
00
00
01
02
00
fe
00
02
fe
00
fe
00
00
00
00
00
00
00
00
00
00
00
00
00
00
00
00
01
02
00
fe
00
02
fe
00
00
00
80
fe
00
fe
00
00
01
02
00
fe
00
02
fe
00
00
00
80
fe
00
fe
00
00
01
02
00
fe
00
00
02
fe
02
fe
00
00
f5
fe
00
fe
fe
00
fc
00
00
01
01
02
00
fe
00
00
02
fe
02
fe
00
00
f4
fe
00
fe
fe
00
fc
00
00
01
01
02
00
ff
00
01
00
00
00
20
01
00
00
00
20
00
21
fe
00
21
0f
00
00
01
00
ff
00
01
00
00
00
20
01
00
00
00
20
00
21
fe
00
21
0f
00
00
01
00
fd
02
02
03
fc
fc
fe
f3
00
fe
09
fe
00
02
fe
06
fd
ff
fc
fe
ff
fe
00
dc
05
fe
fd
02
fd
fe
00
fd
00
fc
fe
00
fe
fe
00
d8
01
fe
fd
02
ea
00
fe
fe
00
f6
00
00
fd
00
00
02
02
03
00
fd
02
02
03
fc
fc
fe
ea
00
fe
09
fe
00
02
fe
06
fd
ff
fc
fe
ff
fe
00
cd
05
fe
fd
02
fd
fe
00
fd
00
fc
fe
00
fe
fe
00
c9
01
fe
fd
02
e0
00
fe
fe
00
f6
00
00
fd
00
00
02
02
03
00
fe
00
02
fe
00
fe
00
00
01
00
00
00
00
01
02
00
fe
00
02
fe
00
fe
00
00
01
00
00
00
00
01
02
00
fe
00
02
fe
00
01
00
fe
00
00
00
01
02
00
fe
00
02
fe
00
01
00
fe
00
00
00
01
02
00
fe
00
02
fe
01
00
01
00
fe
00
00
00
01
00
01
fe
00
fc
00
00
01
02
00
fe
00
02
fe
01
00
01
00
fe
00
00
00
01
00
01
fe
00
fc
00
00
01
02
00
fe
00
02
fe
00
00
04
80
fe
00
fe
04
00
04
00
22
01
00
04
00
22
00
22
fe
00
22
0f
00
01
02
00
fe
00
02
fe
00
00
04
80
fe
00
fe
04
00
04
00
22
01
00
04
00
22
00
22
fe
00
22
0f
00
01
02
00
fe
00
02
fe
fe
fe
00
00
00
00
24
fe
02
00
00
00
24
00
00
00
02
00
00
00
24
ff
00
00
00
00
01
02
00
fe
00
02
fe
fe
00
00
00
00
24
00
00
00
24
00
00
01
02
00
fe
00
02
fe
fe
00
00
00
00
24
00
00
00
24
00
00
01
02
00
fe
00
02
fe
fe
fe
00
00
00
00
24
fe
00
00
00
00
24
00
00
00
24
00
00
00
fe
02
00
01
00
25
00
00
00
02
00
01
00
25
ff
00
00
00
10
00
80
30
30
00
01
02
00
fe
00
02
fe
fe
00
00
00
00
24
00
00
00
24
ff
00
00
00
00
01
02
00
fe
00
02
fe
fe
fe
00
00
00
00
22
fe
02
00
00
00
22
00
00
00
02
00
00
00
22
ff
00
00
00
00
01
02
00
fe
00
02
fe
fe
fe
00
00
00
00
22
fe
02
00
00
00
23
00
00
00
02
00
00
00
23
ff
00
00
00
00
01
02
00
fe
00
02
fe
fe
fe
00
00
00
00
22
fe
02
00
00
00
22
00
00
00
02
00
00
00
22
ff
00
00
00
00
01
02
00
fe
00
02
fe
fe
fe
00
00
00
00
22
fe
02
00
00
00
23
00
00
00
02
00
00
00
23
ff
00
00
00
00
01
02
00
fe
00
02
fe
fe
fe
00
00
00
00
22
fe
02
00
00
00
22
00
00
00
02
00
00
00
22
ff
00
00
00
00
01
02
00
fe
00
02
fe
fe
fe
00
00
00
00
22
fe
02
00
00
00
23
00
00
00
02
00
00
00
23
ff
00
00
00
00
01
02
00
fe
00
02
fe
fe
00
00
00
00
22
00
00
00
23
00
00
01
02
00
fe
00
02
fe
fe
00
00
00
00
22
00
00
00
23
00
00
01
02
00
fe
00
02
fe
fe
00
00
00
00
22
00
00
00
23
00
00
01
02
00
fe
00
02
fe
fe
fe
00
00
00
00
22
fe
00
00
00
00
22
00
00
00
23
00
00
00
fe
02
00
01
00
23
00
00
00
02
00
01
00
23
ff
00
00
00
10
00
80
30
30
00
01
02
00
fe
00
02
fe
fe
00
00
00
00
22
00
00
00
23
ff
00
00
00
00
01
02
00
c7
ff
