@0
13
6f
13
13
13
13
13
13
13
13
13
13
13
13
13
13
6f
00
00
6f
00
00
00
6f
00
00
00
6f
00
00
00
00
6f
00
00
00
00
00
00
00
00
00
00
00
00
00
00
93
73
b7
93
73
17
13
17
13
13
73
13
93
ef
6f
13
23
13
23
23
6f
83
93
23
03
83
e3
13
13
03
13
67
13
23
23
13
93
13
ef
93
13
ef
93
13
ef
93
13
ef
93
13
ef
93
13
ef
93
13
ef
93
13
ef
93
13
ef
93
13
ef
93
13
ef
93
13
ef
93
13
ef
93
13
ef
93
13
ef
93
13
ef
93
13
ef
93
13
ef
93
13
ef
93
13
ef
93
13
ef
93
13
ef
93
13
ef
93
13
ef
93
13
ef
93
13
ef
93
13
ef
93
13
ef
93
13
ef
93
13
ef
93
13
ef
93
13
ef
93
13
ef
93
13
ef
93
13
ef
93
13
ef
93
13
ef
93
13
ef
93
13
ef
93
13
ef
93
13
ef
93
13
ef
93
13
ef
93
13
ef
93
13
ef
93
13
ef
93
13
ef
93
13
ef
b7
13
ef
93
13
ef
93
13
ef
93
13
ef
93
13
ef
93
13
ef
93
13
ef
93
13
ef
93
13
ef
93
13
ef
93
13
ef
93
13
ef
93
13
ef
93
13
ef
93
13
ef
93
13
ef
93
13
ef
b7
13
ef
6f
b7
23
03
13
23
03
13
23
03
23
13
23
67
b7
23
03
13
23
03
13
23
03
23
67
b7
37
83
e3
b7
23
67
b7
37
83
e3
b7
23
67
13
23
23
13
03
63
ef
13
03
e3
83
03
13
67
13
23
23
13
03
63
ef
13
03
e3
83
03
13
67
b7
03
b7
23
63
b7
03
e3
b7
23
13
67
b7
03
b7
23
63
b7
03
e3
b7
23
13
67
13
23
23
23
23
23
23
93
13
ef
13
93
63
13
13
93
6f
63
ef
13
63
e3
63
23
93
13
ef
6f
93
13
13
ef
6f
23
83
03
83
03
83
03
13
67
13
23
23
23
23
23
23
93
13
ef
13
93
63
13
13
93
6f
63
ef
13
63
e3
63
23
93
13
ef
6f
93
13
13
ef
6f
23
83
03
83
03
83
03
13
67
b7
23
03
13
23
67
b7
23
03
13
23
67
37
83
b3
23
67
37
83
b3
23
67
b7
03
83
b3
63
b7
03
33
23
83
03
33
e3
67
b7
03
83
b3
63
b7
03
33
23
83
03
33
e3
67
b7
37
83
e3
b7
23
03
b7
23
63
b7
03
e3
b7
23
13
67
b7
37
83
e3
b7
23
03
b7
23
63
b7
03
e3
b7
23
13
67
93
33
b7
23
63
b7
03
33
23
67
b7
03
13
33
23
67
93
33
b7
23
b7
83
33
67
93
33
b7
23
b7
83
33
67
93
33
37
23
b3
37
23
37
83
33
23
63
83
b3
23
13
b7
93
73
73
67
37
83
93
b3
23
6f
93
33
b7
23
b7
03
13
33
23
67
93
33
b7
23
63
b7
03
33
23
67
b7
03
13
33
23
67
93
33
b7
23
63
b7
03
33
23
67
b7
03
13
33
23
67
93
33
b7
23
b7
83
33
67
93
33
37
23
b3
37
23
37
83
33
23
63
83
b3
23
13
b7
93
73
73
67
37
83
93
b3
23
6f
93
33
b7
23
b7
03
13
33
23
67
