@0
00
0b
00
00
00
00
00
00
00
00
00
00
00
00
00
00
fc
00
00
0a
00
00
00
09
00
00
00
08
00
00
00
00
07
00
00
00
00
00
00
00
00
00
00
00
00
00
00
00
30
00
80
30
00
f3
00
f6
00
30
00
00
04
00
fd
02
03
fc
fe
01
fe
00
fe
fe
fd
fe
00
00
02
03
00
ff
00
00
01
00
00
03
00
00
02
00
00
01
00
00
00
00
00
00
00
00
7f
00
00
7e
00
00
7d
00
01
7d
00
01
7c
00
01
7b
00
01
7a
00
01
7a
00
01
79
00
01
78
00
01
77
00
00
7b
00
00
7a
00
00
79
00
00
78
00
00
78
00
00
77
00
00
76
00
00
75
00
01
75
00
01
74
00
01
73
00
01
72
00
01
72
00
01
71
00
01
70
00
01
6f
00
00
59
00
00
59
00
00
58
00
00
57
00
00
56
00
00
56
00
00
55
00
00
54
00
00
53
00
00
53
00
00
52
00
00
51
00
00
50
00
00
50
00
00
4f
00
00
4e
00
24
d6
00
00
4d
00
00
4c
00
00
4b
00
00
4a
00
00
4a
00
00
49
00
00
48
00
00
47
00
00
47
00
00
46
00
00
45
00
00
44
00
00
44
00
00
43
00
00
42
00
00
41
00
24
c9
e6
00
00
00
00
00
00
00
00
00
00
00
00
00
00
00
00
00
00
00
00
00
00
00
00
00
80
00
fe
00
00
00
00
80
00
fe
00
00
00
ff
00
00
00
00
00
fb
00
00
fe
00
00
01
00
ff
00
00
00
00
00
f9
00
00
fe
00
00
01
00
00
00
00
ac
00
00
00
fe
00
ac
0f
00
00
00
00
aa
00
00
00
fe
00
aa
0f
00
fe
00
00
00
01
01
01
00
00
f7
0f
00
04
00
00
00
01
02
f5
0f
03
ff
03
00
00
00
e9
fd
ff
ff
00
e7
fc
00
01
01
01
01
00
00
02
00
fe
00
00
00
01
01
01
00
00
f0
0f
00
04
00
00
00
01
02
ee
0f
03
ff
03
00
00
00
de
fd
ff
ff
00
dd
fc
00
01
01
01
01
00
00
02
00
00
00
01
00
00
00
00
00
01
00
00
00
00
01
00
00
00
00
01
00
00
00
00
01
01
00
02
00
01
00
00
01
01
00
fe
00
00
01
01
00
02
00
01
00
00
01
01
00
fe
00
00
80
04
fe
00
04
04
00
ac
00
00
04
fe
00
ac
0f
00
00
80
04
fe
00
04
04
00
ac
00
00
04
fe
00
ac
0f
00
00
00
00
ac
00
00
00
00
00
00
00
00
ff
00
00
00
00
00
00
ac
00
00
00
00
00
00
00
ac
00
00
00
00
00
00
00
ac
00
00
ac
00
00
00
00
02
01
00
00
10
00
80
30
30
00
00
01
ff
00
00
fd
00
00
00
ac
00
00
ff
00
00
00
00
00
00
ae
00
00
00
00
00
00
00
00
ff
00
00
00
00
00
00
ae
00
00
00
00
00
00
00
00
ff
00
00
00
00
00
00
ae
00
00
00
00
00
00
00
ae
00
00
ae
00
00
00
00
02
01
00
00
10
00
80
30
30
00
00
01
ff
00
00
fd
00
00
00
ae
00
00
ff
00
00
00
