@0
00
00
00
00
00
00
00
00
00
00
00
00
00
00
00
00
f0
00
00
00
00
00
00
00
00
00
00
00
00
00
00
00
00
00
00
00
00
00
00
00
00
00
00
00
00
00
00
02
a0
12
82
a0
01
01
05
05
05
10
05
05
00
00
01
26
04
2e
26
00
27
87
26
27
27
66
00
00
24
01
80
01
26
24
04
05
05
00
05
05
00
05
05
00
05
05
00
05
05
00
05
05
00
05
05
00
05
05
00
05
05
00
05
05
00
05
05
00
05
05
00
05
05
00
05
05
00
05
05
00
05
05
00
05
05
00
05
05
00
05
05
00
05
05
00
05
05
00
05
05
00
05
05
00
05
05
00
05
05
00
05
05
00
05
05
00
05
05
00
05
05
00
05
05
00
05
05
00
05
05
00
05
05
00
05
05
00
05
05
00
05
05
00
05
05
00
05
05
00
05
05
00
05
05
00
05
05
00
05
05
00
05
05
00
05
05
00
05
05
00
05
05
00
05
05
00
05
05
00
47
85
f0
05
05
00
05
05
00
05
05
00
05
05
00
05
05
00
05
05
00
05
05
00
05
05
00
05
05
00
05
05
00
05
05
00
05
05
00
05
05
00
05
05
00
05
05
00
05
05
00
47
85
f0
f0
07
ac
a7
67
a4
a7
67
a6
a7
a4
07
a8
80
07
ac
a7
67
a4
a7
67
a6
a7
a4
80
06
07
a7
8e
07
a0
80
06
07
a7
8e
07
a0
80
01
26
24
04
45
0a
f0
04
45
1a
20
24
01
80
01
26
24
04
45
0a
f0
04
45
1a
20
24
01
80
07
a5
17
a0
5c
07
a5
4e
17
a0
75
80
07
a5
17
ae
5c
07
a5
4e
17
ae
75
80
01
2e
2c
2a
28
26
24
04
8a
f0
75
07
0a
04
09
09
00
16
f0
75
0a
08
76
80
84
04
f0
f0
84
04
05
f0
f0
80
20
24
24
29
29
2a
01
80
01
2e
2c
2a
28
26
24
04
8a
f0
75
07
0a
04
09
09
00
16
f0
75
0a
08
76
80
84
04
f0
f0
84
04
05
f0
f0
80
20
24
24
29
29
2a
01
80
07
a0
a7
67
a8
80
07
a0
a7
67
a8
80
07
27
e7
2a
80
07
27
e7
2a
80
07
a7
a7
67
02
07
a7
67
ac
a6
a7
67
94
80
07
a7
a7
67
02
07
a7
67
ac
a6
a7
67
94
80
06
07
a7
8e
07
a4
a5
17
a2
5c
07
a5
4e
17
a2
75
80
06
07
a7
8e
07
a4
a5
17
a4
5c
07
a5
4e
17
a4
75
80
07
95
17
aa
8c
07
a7
65
a0
80
07
a7
45
75
a0
80
07
95
17
ac
07
a7
75
80
07
95
17
ae
07
a7
75
80
07
95
17
28
97
17
26
07
26
65
26
84
26
e7
28
07
17
87
10
90
80
07
26
c7
f7
28
f0
07
95
17
a8
07
a7
45
75
a6
80
07
95
17
a8
8c
07
a7
65
a2
80
07
a7
45
75
a2
80
07
95
17
a4
8c
07
a7
65
a0
80
07
a7
45
75
a0
80
07
95
17
a6
07
a7
75
80
07
95
17
22
97
17
20
07
26
65
26
84
26
e7
28
07
17
87
10
90
80
07
26
c7
f7
28
f0
07
95
17
a2
07
a7
45
75
a6
80
