@0
00
0b
00
00
00
00
00
00
00
00
00
00
00
00
00
00
fc
00
00
0a
00
00
00
09
00
00
00
08
00
00
00
00
07
00
00
00
00
00
00
00
00
00
00
00
00
00
00
00
30
00
80
30
00
f3
00
f6
00
30
00
00
00
00
fc
02
02
04
fe
00
00
0a
0d
17
00
00
09
fe
02
00
11
fe
00
00
00
21
fe
00
fe
fe
00
fc
00
12
27
00
1e
00
1e
30
fe
30
fe
fe
1c
fe
1c
00
1b
00
1b
fe
fd
fe
fe
fd
fc
fe
00
00
00
00
00
fd
00
fc
00
fd
7c
00
15
1d
28
fc
28
fc
fd
fd
0f
fc
fd
fd
0f
fc
fc
00
00
00
00
00
fc
00
fc
fd
10
fd
0f
00
0f
00
0e
00
fc
73
ee
fe
00
02
fe
00
fe
00
00
00
00
00
00
00
00
00
00
00
00
00
00
00
00
00
00
00
01
02
00
fe
00
02
fe
00
fe
00
00
00
00
00
00
00
00
00
00
00
00
00
00
00
00
01
02
00
fe
00
02
fe
00
00
00
80
fe
00
fe
00
00
01
02
00
fe
00
02
fe
00
00
00
80
fe
00
fe
00
00
01
02
00
fe
00
00
02
fe
02
fe
00
00
f5
fe
00
fe
fe
00
fc
00
00
01
01
02
00
fe
00
00
02
fe
02
fe
00
00
f4
fe
00
fe
fe
00
fc
00
00
01
01
02
00
ff
00
01
00
00
00
18
01
00
00
00
18
00
18
fe
00
18
0f
00
00
01
00
ff
00
01
00
00
00
18
01
00
00
00
18
00
18
fe
00
18
0f
00
00
01
00
fd
02
02
03
fc
fc
fe
f3
00
fe
09
fe
00
02
fe
06
fd
ff
fc
fe
ff
fe
00
dc
05
fe
fd
02
fd
fe
00
fd
00
fc
fe
00
fe
fe
00
d8
01
fe
fd
02
ea
00
fe
fe
00
f6
00
00
fd
00
00
02
02
03
00
fd
02
02
03
fc
fc
fe
ea
00
fe
09
fe
00
02
fe
06
fd
ff
fc
fe
ff
fe
00
cd
05
fe
fd
02
fd
fe
00
fd
00
fc
fe
00
fe
fe
00
c9
01
fe
fd
02
e0
00
fe
fe
00
f6
00
00
fd
00
00
02
02
03
00
fe
00
02
fe
00
fe
00
00
01
00
00
00
00
01
02
00
fe
00
02
fe
00
fe
00
00
01
00
00
00
00
01
02
00
fe
00
02
fe
00
01
00
fe
00
00
00
01
02
00
fe
00
02
fe
00
01
00
fe
00
00
00
01
02
00
fe
00
02
fe
01
00
01
00
fe
00
00
00
01
00
01
fe
00
fc
00
00
01
02
00
fe
00
02
fe
01
00
01
00
fe
00
00
00
01
00
01
fe
00
fc
00
00
01
02
00
fe
00
02
fe
00
00
04
80
fe
00
fe
04
00
04
00
18
01
00
04
00
18
00
19
fe
00
19
0f
00
01
02
00
fe
00
02
fe
00
00
04
80
fe
00
fe
04
00
04
00
18
01
00
04
00
18
00
18
fe
00
18
0f
00
01
02
00
fe
00
02
fe
fe
fe
00
00
00
00
1a
fe
02
00
00
00
1b
00
00
00
02
00
00
00
1b
ff
00
00
00
00
01
02
00
fe
00
02
fe
fe
00
00
00
00
1a
00
00
00
1a
00
00
01
02
00
fe
00
02
fe
fe
00
00
00
00
1a
00
00
00
1a
00
00
01
02
00
fe
00
02
fe
fe
fe
00
00
00
00
1a
fe
00
00
00
00
1a
00
00
00
1b
00
00
00
fe
02
00
01
00
1b
00
00
00
02
00
01
00
1b
ff
00
00
00
10
00
80
30
30
00
01
02
00
fe
00
02
fe
fe
00
00
00
00
1a
00
00
00
1b
ff
00
00
00
00
01
02
00
fe
00
02
fe
fe
fe
00
00
00
00
18
fe
02
00
00
00
19
00
00
00
02
00
00
00
19
ff
00
00
00
00
01
02
00
fe
00
02
fe
fe
fe
00
00
00
00
18
fe
02
00
00
00
19
00
00
00
02
00
00
00
19
ff
00
00
00
00
01
02
00
fe
00
02
fe
fe
fe
00
00
00
00
18
fe
02
00
00
00
19
00
00
00
02
00
00
00
19
ff
00
00
00
00
01
02
00
fe
00
02
fe
fe
fe
00
00
00
00
18
fe
02
00
00
00
19
00
00
00
02
00
00
00
19
ff
00
00
00
00
01
02
00
fe
00
02
fe
fe
fe
00
00
00
00
18
fe
02
00
00
00
19
00
00
00
02
00
00
00
19
ff
00
00
00
00
01
02
00
fe
00
02
fe
fe
fe
00
00
00
00
18
fe
02
00
00
00
19
00
00
00
02
00
00
00
19
ff
00
00
00
00
01
02
00
fe
00
02
fe
fe
00
00
00
00
18
00
00
00
19
00
00
01
02
00
fe
00
02
fe
fe
00
00
00
00
18
00
00
00
19
00
00
01
02
00
fe
00
02
fe
fe
00
00
00
00
18
00
00
00
19
00
00
01
02
00
fe
00
02
fe
fe
fe
00
00
00
00
1a
fe
00
00
00
00
1a
00
00
00
1a
00
00
00
fe
02
00
01
00
1a
00
00
00
02
00
01
00
1a
ff
00
00
00
10
00
80
30
30
00
01
02
00
fe
00
02
fe
fe
00
00
00
00
1a
00
00
00
1a
ff
00
00
00
00
01
02
00
2d
43
65
0d
65
68
75
72
30
29
20
20
20
74
20
6e
00
65
6e
75
72
20
6e
66
44
00
